cluster_max_size: 500
cluster_min_size: 66
cluster_tol: 0.014000000000000002
plane_dist_thresh: 0.017
plane_max_iter: 375
ror_min_neighbors: 10
ror_radius_search: 0.005
voxel_leaf_size: 0.002
x_filter_max: 0.24
x_filter_min: -0.26
y_filter_max: 0.31999999999999995
y_filter_min: -0.33999999999999997
z_filter_max: 1.0
z_filter_min: 0.71
